1 0.12740384615384615 0.3173076923076923 0.052884615384615384 0.09375
1 0.2824519230769231 0.3389423076923077 0.10817307692307693 0.1778846153846154
1 0.3954326923076923 0.359375 0.11057692307692307 0.17548076923076922
0 0.5048076923076923 0.3894230769230769 0.07932692307692307 0.1346153846153846
0 0.19951923076923078 0.3004807692307692 0.06971153846153846 0.11538461538461539
0 0.0829326923076923 0.2824519230769231 0.06971153846153846 0.12740384615384615
0 0.8497596153846154 0.546875 0.06490384615384616 0.11538461538461539
0 0.7379807692307693 0.46033653846153844 0.08173076923076923 0.125
0 0.6646634615384616 0.484375 0.057692307692307696 0.10096153846153846
0 0.6165865384615384 0.46634615384615385 0.08653846153846154 0.12740384615384615
0 0.5721153846153846 0.49158653846153844 0.057692307692307696 0.11778846153846154
0 0.5240384615384616 0.47475961538461536 0.0625 0.10817307692307693