1 0.8293269230769231 0.44711538461538464 0.08173076923076923 0.14182692307692307
1 0.9459134615384616 0.39903846153846156 0.10817307692307693 0.18269230769230768
1 0.5240384615384616 0.453125 0.06490384615384616 0.11298076923076923
1 0.06009615384615385 0.36658653846153844 0.1201923076923077 0.22355769230769232
1 0.7548076923076923 0.4639423076923077 0.06490384615384616 0.11298076923076923
1 0.6658653846153846 0.44350961538461536 0.06971153846153846 0.10096153846153846
1 0.17307692307692307 0.4543269230769231 0.06490384615384616 0.1201923076923077
1 0.32091346153846156 0.4266826923076923 0.06490384615384616 0.10096153846153846
1 0.22956730769230768 0.4170673076923077 0.057692307692307696 0.11298076923076923
1 0.4098557692307692 0.4362980769230769 0.052884615384615384 0.10336538461538461
1 0.109375 0.43028846153846156 0.06009615384615385 0.14903846153846154