0 0.4963942307692308 0.47115384615384615 0.11538461538461539 0.18990384615384615
0 0.6802884615384616 0.484375 0.10817307692307693 0.18990384615384615
0 0.3161057692307692 0.5288461538461539 0.11538461538461539 0.21634615384615385
0 0.24759615384615385 0.5649038461538461 0.08173076923076923 0.16826923076923078
0 0.44350961538461536 0.35697115384615385 0.07932692307692307 0.13701923076923078
0 0.578125 0.3401442307692308 0.07932692307692307 0.13942307692307693
0 0.10817307692307693 0.39302884615384615 0.07211538461538461 0.1346153846153846
0 0.12259615384615384 0.31490384615384615 0.0625 0.11778846153846154
0 0.6862980769230769 0.38221153846153844 0.09134615384615384 0.12980769230769232
0 0.06009615384615385 0.4411057692307692 0.0625 0.1346153846153846
0 0.04567307692307692 0.3401442307692308 0.0625 0.10576923076923077
0 0.5456730769230769 0.4254807692307692 0.06490384615384616 0.13221153846153846