1 0.027644230769230768 0.35216346153846156 0.05048076923076923 0.18509615384615385
0 0.5180288461538461 0.4807692307692308 0.09375 0.15625
0 0.36658653846153844 0.49158653846153844 0.0889423076923077 0.15625
0 0.6658653846153846 0.5276442307692307 0.09375 0.18028846153846154
0 0.7223557692307693 0.5576923076923077 0.0673076923076923 0.13701923076923078
0 0.5612980769230769 0.3858173076923077 0.06490384615384616 0.11298076923076923
0 0.45072115384615385 0.37259615384615385 0.06490384615384616 0.11538461538461539
0 0.9747596153846154 0.4423076923076923 0.05048076923076923 0.10576923076923077
0 0.8365384615384616 0.4170673076923077 0.06009615384615385 0.11298076923076923
0 0.8245192307692307 0.35096153846153844 0.052884615384615384 0.09615384615384616
0 0.36177884615384615 0.40625 0.07692307692307693 0.10576923076923077
0 0.8762019230769231 0.45552884615384615 0.05048076923076923 0.11057692307692307
0 0.8882211538461539 0.3713942307692308 0.052884615384615384 0.08653846153846154
0 0.47596153846153844 0.4423076923076923 0.052884615384615384 0.10817307692307693
0 0.9555288461538461 0.4098557692307692 0.040865384615384616 0.08653846153846154