1 0.1778846153846154 0.4110576923076923 0.09375 0.1466346153846154
1 0.06971153846153846 0.3485576923076923 0.12740384615384615 0.1875
1 0.47475961538461536 0.4579326923076923 0.07451923076923077 0.11538461538461539
1 0.9338942307692307 0.4387019230769231 0.13221153846153846 0.23317307692307693
1 0.24879807692307693 0.4362980769230769 0.07451923076923077 0.11538461538461539
1 0.33653846153846156 0.43028846153846156 0.07932692307692307 0.10576923076923077
1 0.8149038461538461 0.5072115384615384 0.07451923076923077 0.125
1 0.6754807692307693 0.46153846153846156 0.07211538461538461 0.10576923076923077
1 0.7644230769230769 0.4639423076923077 0.0673076923076923 0.11538461538461539
1 0.5877403846153846 0.4579326923076923 0.0625 0.10576923076923077
1 0.8810096153846154 0.49399038461538464 0.07451923076923077 0.15144230769230768