1 0.9471153846153846 0.4170673076923077 0.038461538461538464 0.09375
1 0.7788461538461539 0.4074519230769231 0.08173076923076923 0.1778846153846154
1 0.65625 0.40625 0.08653846153846154 0.17307692307692307
0 0.5348557692307693 0.41466346153846156 0.06009615384615385 0.1346153846153846
0 0.8737980769230769 0.38461538461538464 0.052884615384615384 0.11538461538461539
0 0.9879807692307693 0.38822115384615385 0.02403846153846154 0.12980769230769232
0 0.13701923076923078 0.5108173076923077 0.04807692307692308 0.11538461538461539
0 0.27283653846153844 0.4423076923076923 0.0673076923076923 0.12259615384615384
0 0.34615384615384615 0.48197115384615385 0.04326923076923077 0.10096153846153846
0 0.40024038461538464 0.4723557692307692 0.07211538461538461 0.12740384615384615
0 0.4411057692307692 0.5096153846153846 0.040865384615384616 0.1201923076923077
0 0.4951923076923077 0.5 0.04807692307692308 0.10817307692307693